,avganncount,avgdeathsperyear
0,1397.0,469
1,173.0,70
2,102.0,50
3,427.0,202
4,57.0,26
5,428.0,152
6,250.0,97
7,146.0,71
8,88.0,36
9,4025.0,1380
10,113.0,36
11,740.0,269
12,55.0,26
13,3438.0,1118
14,2265.0,901
15,251.0,106
16,1390.0,483
17,32.0,12
18,305.0,120
19,1081.0,367
20,134.0,50
21,958.0,403
22,94.0,41
23,499.0,215
24,152.0,70
25,80.0,40
26,164.0,69
27,564.0,237
28,50.0,25
29,70.0,26
30,25.0,19
31,280.0,137
32,45.0,21
33,58.0,22
34,250.0,103
35,145.0,66
36,218.0,85
37,68.0,29
38,449.0,192
39,182.0,78
40,245.0,101
41,1285.0,539
42,124.0,50
43,139.0,60
44,245.0,113
45,137.0,70
46,373.0,144
47,208.0,87
48,168.0,78
49,418.0,184
50,170.0,76
51,163.0,76
52,382.0,132
53,86.0,39
54,105.0,52
55,160.0,72
56,308.0,123
57,45.0,19
58,45.0,21
59,50.0,23
60,183.0,73
61,328.0,114
62,482.0,206
63,161.0,68
64,72.0,32
65,89.0,41
66,76.0,36
67,87.0,39
68,56.0,19
69,61.0,27
70,142.0,60
71,236.0,102
72,65.0,33
73,120.0,50
74,35.0,14
75,554.0,217
76,134.0,69
77,164.0,73
78,90.0,45
79,254.0,112
80,88.0,42
81,1214.0,406
82,71.0,33
83,103.0,50
84,238.0,79
85,356.0,123
86,184.0,70
87,323.0,123
88,109.0,43
89,2015.0,707
90,463.0,201
91,208.0,77
92,187.0,104
93,177.0,72
94,454.0,177
95,23.0,13
96,579.0,206
97,68.0,25
98,257.0,108
99,187.0,74
100,89.0,32
101,29.0,15
102,20.0,10
103,16.0,10
104,40.0,13
105,30.0,14
106,24.0,12
107,104.0,39
108,39.0,15
109,31.0,12
110,72.0,33
111,1962.667684,62
112,1962.667684,3120
113,1962.667684,108
114,1962.667684,55
115,1962.667684,4
116,1962.667684,4
117,1962.667684,27
118,1962.667684,7
119,1962.667684,9
120,1962.667684,124
121,1962.667684,20
122,1962.667684,154
123,1962.667684,9
124,1962.667684,7
125,1962.667684,727
126,1962.667684,23
127,1962.667684,145
128,411.0,151
129,360.0,133
130,452.0,156
131,223.0,93
132,487.0,178
133,2075.0,694
134,879.0,309
135,1758.0,570
136,643.0,227
137,273.0,102
138,1624.0,584
139,5164.0,1722
140,2768.0,914
141,2963.0,1039
142,847.0,314
143,847.0,317
144,3553.0,1272
145,1691.0,602
146,2353.0,876
147,731.0,210
148,1997.0,648
149,3980.0,1357
150,3887.0,1269
151,2795.0,884
152,4355.0,1607
153,2305.0,827
154,415.0,164
155,1673.0,549
156,822.0,281
157,2663.0,909
158,623.0,227
159,2820.0,1031
160,28.0,10
161,272.0,123
162,109.0,42
163,76.0,30
164,153.0,66
165,14.0,8
166,799.0,319
167,239.0,107
168,166.0,76
169,21.0,8
170,22.0,11
171,214.0,99
172,117.0,41
173,94.0,27
174,144.0,64
175,205.0,82
176,25.0,10
177,286.0,122
178,56.0,27
179,164.0,71
180,68.0,32
181,564.0,188
182,435.0,166
183,125.0,57
184,691.0,231
185,100.0,47
186,84.0,34
187,154.0,62
188,108.0,32
189,18.0,9
190,334.0,133
191,1775.0,637
192,282.0,105
193,5834.0,2059
194,1235.0,442
195,515.0,171
196,465.0,163
197,950.0,315
198,559.0,214
199,337.0,121
200,335.0,155
201,12.0,5
202,205.0,88
203,410.0,159
204,38.0,18
205,108.0,41
206,90.0,32
207,101.0,48
208,107.0,73
209,862.0,283
210,183.0,77
211,70.0,33
212,84.0,31
213,72.0,27
214,216.0,109
215,100.0,43
216,309.0,120
217,120.0,44
218,94.0,39
219,103.0,48
220,107.0,49
221,106.0,44
222,225.0,82
223,137.0,65
224,97.0,52
225,346.0,156
226,145.0,52
227,99.0,48
228,155.0,59
229,1142.0,407
230,189.0,91
231,44.0,17
232,57.0,22
233,493.0,204
234,115.0,58
235,378.0,157
236,137.0,81
237,110.0,69
238,235.0,104
239,171.0,92
240,97.0,43
241,518.0,191
242,460.0,160
243,40.0,17
244,72.0,30
245,224.0,127
246,178.0,84
247,312.0,136
248,121.0,49
249,176.0,106
250,171.0,71
251,272.0,103
252,405.0,165
253,64.0,58
254,46.0,19
255,250.0,60
256,995.0,378
257,117.0,43
258,320.0,130
259,55.0,16
260,51.0,25
261,120.0,39
262,709.0,270
263,190.0,51
264,139.0,65
265,391.0,165
266,108.0,41
267,773.0,321
268,985.0,393
269,22.0,9
270,249.0,88
271,67.0,24
272,489.0,229
273,51.0,21
274,948.0,406
275,576.0,235
276,162.0,63
277,181.0,64
278,406.0,169
279,1825.0,688
280,157.0,58
281,135.0,23
282,117.0,59
283,54.0,21
284,112.0,60
285,814.0,296
286,399.0,144
287,575.0,235
288,1859.0,771
289,30.0,14
290,571.0,240
291,194.0,70
292,41.0,19
293,230.0,86
294,11.0,4
295,362.0,149
296,489.0,189
297,505.0,165
298,273.0,91
299,8999.0,2939
300,187.0,79
301,211.0,94
302,286.0,125
303,88.0,40
304,204.0,101
305,136.0,70
306,523.0,229
307,211.0,76
308,2484.0,940
309,195.0,83
310,84.0,55
311,551.0,168
312,219.0,86
313,230.0,111
314,153.0,67
315,228.0,100
316,1352.0,435
317,275.0,110
318,186.0,93
319,72.0,41
320,260.0,105
321,883.0,372
322,1199.0,454
323,103.0,45
324,2809.0,965
325,12.0,5
326,78.0,42
327,492.0,189
328,138.0,54
329,512.0,217
330,855.0,316
331,33.0,16
332,75.0,31
333,4974.0,1809
334,186.0,72
335,343.0,141
336,144.0,82
337,222.0,89
338,108.0,70
339,436.0,160
340,84.0,39
341,652.0,325
342,348.0,137
343,88.0,37
344,975.0,379
345,236.0,120
346,6825.0,2231
347,128.0,54
348,134.0,62
349,49.0,22
350,165.0,60
351,59.0,30
352,145.0,64
353,1060.0,384
354,99.0,44
355,228.0,97
356,1160.0,439
357,953.0,382
358,293.0,134
359,209.0,102
360,54.0,29
361,421.0,157
362,323.0,131
363,385.0,168
364,1490.0,494
365,10411.0,3927
366,212.0,84
367,1962.667684,50
368,1962.667684,497
369,1962.667684,86
370,1962.667684,79
371,1962.667684,63
372,489.0,169
373,418.0,159
374,282.0,100
375,320.0,116
376,1662.0,569
377,6146.0,2183
378,255.0,97
379,274.0,105
380,354.0,134
381,388.0,141
382,338.0,128
383,45.0,17
384,404.0,134
385,554.0,196
386,11217.0,3824
387,154.0,59
388,345.0,133
389,428.0,150
390,4243.0,1507
391,326.0,115
392,8450.0,2549
393,8072.0,2584
394,1385.0,506
395,1470.0,542
396,2820.0,1011
397,657.0,228
398,1860.0,628
399,252.0,95
400,34.0,15
401,828.0,313
402,213.0,84
403,745.0,288
404,65.0,30
405,298.0,119
406,398.0,150
407,412.0,147
408,279.0,107
409,243.0,93
410,117.0,42
411,164.0,61
412,3590.0,1216
413,105.0,45
414,154.0,54
415,648.0,240
416,511.0,215
417,1007.0,387
418,145.0,61
419,588.0,206
420,540.0,183
421,107.0,33
422,214.0,93
423,298.0,112
424,82.0,33
425,230.0,98
426,689.0,255
427,144.0,58
428,823.0,293
429,265.0,113
430,554.0,253
431,622.0,237
432,822.0,315
433,401.0,163
434,333.0,136
435,203.0,80
436,370.0,138
437,280.0,114
438,453.0,196
439,93.0,39
440,225.0,85
441,24.0,13
442,783.0,273
443,257.0,106
444,3500.0,1126
445,132.0,57
446,83.0,33
447,207.0,69
448,611.0,258
449,404.0,173
450,431.0,193
451,219.0,89
452,134.0,49
453,17.0,6
454,76.0,31
455,32.0,12
456,43.0,19
457,22.0,12
458,14.0,5
459,403.0,137
460,622.0,198
461,28.0,13
462,26.0,12
463,11.0,4
464,17.0,7
465,20.0,10
466,24.0,11
467,26.0,10
468,10.0,5
469,277.0,99
470,18.0,8
471,22.0,11
472,19.0,8
473,13.0,4
474,27.0,10
475,11.0,4
476,36.0,13
477,22.0,8
478,19.0,9
479,70.0,22
480,55.0,17
481,160.0,56
482,42.0,17
483,23.0,13
484,9.0,3
485,43.0,22
486,26.0,10
487,67.0,27
488,35.0,16
489,14.0,6
490,90.0,28
491,61.0,26
492,31.0,11
493,9.0,4
494,15.0,6
495,126.0,43
496,10.0,4
497,130.0,53
498,19.0,7
499,53.0,19
500,266.0,99
501,1072.0,424
502,220.0,98
503,116.0,51
504,119.0,60
505,370.0,156
506,887.0,375
507,210.0,102
508,68.0,33
509,27.0,15
510,146.0,66
511,63.0,38
512,104.0,46
513,76.0,27
514,98.0,54
515,189.0,83
516,51.0,18
517,120.0,62
518,120.0,47
519,374.0,187
520,296.0,134
521,190.0,117
522,93.0,51
523,53.0,28
524,146.0,63
525,73.0,31
526,98.0,42
527,455.0,173
528,92.0,48
529,78.0,35
530,665.0,292
531,106.0,39
532,197.0,94
533,102.0,50
534,174.0,83
535,87.0,36
536,71.0,37
537,196.0,77
538,93.0,42
539,119.0,52
540,435.0,175
541,116.0,52
542,39.0,22
543,102.0,51
544,50.0,29
545,61.0,29
546,85.0,38
547,68.0,36
548,125.0,66
549,331.0,135
550,77.0,39
551,126.0,61
552,206.0,104
553,194.0,112
554,61.0,28
555,58.0,24
556,48.0,25
557,250.0,102
558,48.0,24
559,148.0,69
560,65.0,29
561,110.0,62
562,58.0,27
563,145.0,76
564,116.0,57
565,313.0,138
566,55.0,25
567,1908.0,739
568,317.0,140
569,103.0,54
570,113.0,59
571,590.0,218
572,60.0,30
573,57.0,29
574,583.0,258
575,68.0,31
576,134.0,56
577,81.0,36
578,255.0,116
579,113.0,51
580,756.0,303
581,406.0,174
582,50.0,22
583,117.0,56
584,6282.0,2236
585,279.0,105
586,1296.0,500
587,298.0,116
588,84.0,32
589,75.0,33
590,5182.0,1744
591,142.0,60
592,1038.0,342
593,3367.0,1260
594,135.0,51
595,696.0,273
596,606.0,207
597,111.0,40
598,2899.0,1078
599,161.0,60
600,325.0,121
601,12.0,5
602,141.0,57
603,9.0,3
604,46.0,17
605,18.0,6
606,35.0,12
607,463.0,173
608,39.0,14
609,98.0,31
610,29.0,10
611,36.0,16
612,43.0,16
613,238.0,93
614,53.0,21
615,53.0,19
616,46.0,15
617,82.0,29
618,24.0,12
619,193.0,79
620,64.0,16
621,25.0,10
622,42.0,16
623,30.0,11
624,46.0,15
625,13.0,5
626,6.0,3
627,812.0,300
628,179.0,63
629,46.0,16
630,41.0,15
631,61.0,23
632,13.0,5
633,19.0,9
634,203.0,75
635,53.0,24
636,47.0,21
637,140.0,59
638,45.0,19
639,27.0,11
640,33.0,14
641,54.0,16
642,44.0,14
643,45.0,19
644,50.0,19
645,68.0,29
646,81.0,36
647,40.0,19
648,109.0,40
649,13.0,4
650,36.0,15
651,236.0,94
652,2341.0,879
653,13.0,6
654,37.0,15
655,18.0,7
656,16.0,5
657,37.0,13
658,146.0,57
659,16.0,5
660,17.0,6
661,14.0,6
662,17.0,7
663,300.0,108
664,48.0,20
665,25.0,14
666,24.0,9
667,62.0,26
668,38.0,14
669,46.0,27
670,30.0,14
671,39.0,13
672,52.0,21
673,25.0,13
674,60.0,25
675,1163.0,422
676,200.0,78
677,192.0,69
678,48.0,18
679,30.0,9
680,22.0,9
681,39.0,18
682,32.0,14
683,85.0,34
684,21.0,9
685,15.0,7
686,50.0,23
687,41.0,16
688,159.0,60
689,34.0,16
690,66.0,29
691,58.0,29
692,11.0,4
693,84.0,31
694,611.0,213
695,111.0,47
696,195.0,78
697,2812.0,1119
698,74.0,38
699,99.0,48
700,273.0,110
701,183.0,84
702,227.0,85
703,116.0,55
704,246.0,101
705,285.0,138
706,178.0,78
707,143.0,60
708,428.0,183
709,82.0,40
710,373.0,156
711,1885.0,713
712,44.0,21
713,154.0,68
714,162.0,70
715,365.0,157
716,99.0,41
717,155.0,69
718,223.0,105
719,143.0,61
720,50.0,25
721,127.0,55
722,71.0,32
723,310.0,124
724,102.0,52
725,2294.0,871
726,36.0,22
727,141.0,63
728,224.0,99
729,82.0,34
730,183.0,85
731,344.0,132
732,304.0,137
733,148.0,74
734,135.0,55
735,468.0,193
736,187.0,80
737,168.0,76
738,411.0,172
739,71.0,35
740,276.0,119
741,592.0,241
742,36.0,13
743,126.0,48
744,189.0,91
745,137.0,66
746,52.0,22
747,38.0,14
748,108.0,56
749,362.0,159
750,206.0,77
751,379.0,159
752,343.0,128
753,970.0,365
754,134.0,63
755,81.0,40
756,549.0,210
757,4118.0,1757
758,106.0,48
759,88.0,39
760,1019.0,423
761,828.0,285
762,298.0,123
763,42.0,19
764,117.0,56
765,117.0,49
766,36.0,14
767,215.0,102
768,663.0,267
769,93.0,44
770,182.0,87
771,158.0,72
772,788.0,232
773,573.0,219
774,248.0,156
775,57.0,25
776,474.0,163
777,165.0,76
778,33.0,16
779,12.0,6
780,186.0,81
781,140.0,58
782,26.0,9
783,122.0,45
784,326.0,140
785,27.0,13
786,102.0,45
787,1184.0,430
788,6298.0,2451
789,53.0,24
790,107.0,55
791,455.0,200
792,1217.0,464
793,545.0,193
794,45.0,19
795,35.0,16
796,210.0,97
797,98.0,44
798,583.0,206
799,1401.0,577
800,1006.0,396
801,57.0,25
802,39.0,10
803,63.0,28
804,102.0,38
805,116.0,52
806,161.0,64
807,2082.0,759
808,41.0,20
809,135.0,48
810,169.0,77
811,124.0,37
812,111.0,49
813,394.0,155
814,211.0,80
815,105.0,47
816,2350.0,941
817,179.0,78
818,1015.0,377
819,478.0,203
820,81.0,37
821,188.0,90
822,594.0,215
823,47.0,22
824,155.0,63
825,189.0,78
826,1619.0,680
827,760.0,318
828,106.0,41
829,146.0,54
830,707.0,279
831,46.0,18
832,110.0,46
833,157.0,64
834,168.0,75
835,238.0,92
836,61.0,28
837,120.0,48
838,209.0,87
839,497.0,202
840,272.0,106
841,282.0,118
842,1273.0,458
843,599.0,250
844,27.0,10
845,549.0,234
846,134.0,65
847,328.0,113
848,207.0,85
849,296.0,125
850,256.0,110
851,126.0,42
852,65.0,30
853,73.0,24
854,96.0,41
855,600.0,242
856,486.0,200
857,1620.0,607
858,177.0,69
859,383.0,136
860,741.0,308
861,284.0,108
862,236.0,99
863,371.0,154
864,929.0,355
865,128.0,53
866,208.0,82
867,313.0,139
868,250.0,93
869,242.0,110
870,1246.0,451
871,517.0,183
872,2676.0,977
873,4499.0,1714
874,406.0,153
875,174.0,69
876,862.0,326
877,522.0,207
878,572.0,239
879,210.0,84
880,1037.0,367
881,166.0,64
882,1302.0,450
883,1186.0,346
884,140.0,59
885,4139.0,1292
886,3222.0,1302
887,254.0,100
888,433.0,180
889,151.0,64
890,280.0,111
891,782.0,320
892,564.0,221
893,413.0,164
894,3144.0,1419
895,1892.0,685
896,860.0,313
897,53.0,24
898,192.0,78
899,595.0,243
900,202.0,83
901,32.0,14
902,554.0,261
903,78.0,30
904,73.0,35
905,176.0,74
906,28.0,13
907,248.0,113
908,283.0,122
909,31.0,12
910,106.0,51
911,41.0,13
912,37.0,15
913,27.0,11
914,171.0,62
915,295.0,80
916,102.0,38
917,1009.0,268
918,73.0,25
919,37.0,13
920,26.0,8
921,44.0,19
922,156.0,48
923,34.0,12
924,39.0,14
925,49.0,19
926,33.0,11
927,9.0,4
928,3540.0,1056
929,35.0,16
930,97.0,39
931,93.0,35
932,142.0,32
933,208.0,59
934,97.0,35
935,1251.0,361
936,81.0,20
937,672.0,223
938,12.0,4
939,858.0,275
940,192.0,76
941,261.0,100
942,188.0,76
943,737.0,252
944,48.0,17
945,232.0,95
946,48.0,16
947,128.0,48
948,174.0,63
949,161.0,66
950,393.0,150
951,343.0,123
952,274.0,112
953,369.0,133
954,221.0,106
955,425.0,174
956,98.0,50
957,84.0,35
958,181.0,81
959,86.0,36
960,657.0,224
961,391.0,163
962,31.0,14
963,44.0,20
964,180.0,68
965,104.0,39
966,105.0,56
967,82.0,39
968,267.0,115
969,163.0,65
970,168.0,78
971,50.0,23
972,76.0,33
973,1557.0,496
974,77.0,38
975,29.0,13
976,209.0,90
977,56.0,24
978,74.0,46
979,138.0,60
980,66.0,29
981,3959.0,1229
982,272.0,116
983,78.0,30
984,136.0,56
985,316.0,124
986,389.0,157
987,94.0,46
988,224.0,90
989,138.0,43
990,84.0,50
991,85.0,32
992,69.0,24
993,211.0,97
994,568.0,185
995,1459.0,565
996,479.0,163
997,416.0,176
998,123.0,54
999,38150.0,14010
1000,611.0,212
1001,1625.0,483
1002,116.0,43
1003,513.0,197
1004,877.0,343
1005,57.0,24
1006,45.0,13
1007,155.0,62
1008,68.0,34
1009,1601.0,551
1010,815.0,298
1011,628.0,227
1012,12694.0,4410
1013,1948.0,686
1014,134.0,53
1015,8857.0,3377
1016,6346.0,2389
1017,216.0,75
1018,7241.0,2778
1019,419.0,189
1020,13294.0,4895
1021,3948.0,1387
1022,2718.0,1065
1023,1459.0,520
1024,3648.0,1186
1025,1912.0,664
1026,7334.0,2355
1027,1225.0,396
1028,1108.0,465
1029,16.0,9
1030,257.0,106
1031,290.0,133
1032,2017.0,744
1033,2647.0,962
1034,2075.0,793
1035,386.0,155
1036,372.0,139
1037,98.0,41
1038,1436.0,564
1039,412.0,142
1040,3629.0,1234
1041,252.0,108
1042,760.0,282
1043,291.0,116
1044,1522.0,557
1045,62.0,24
1046,2362.0,753
1047,68.0,17
1048,24.0,13
1049,24.0,13
1050,1159.0,340
1051,215.0,80
1052,322.0,138
1053,105.0,39
1054,10.0,4
1055,50.0,15
1056,33.0,14
1057,17.0,7
1058,22.0,7
1059,31.0,11
1060,178.0,78
1061,2459.0,909
1062,7.0,4
1063,406.0,158
1064,984.0,259
1065,138.0,26
1066,102.0,32
1067,2600.0,825
1068,288.0,110
1069,183.0,58
1070,22.0,7
1071,47.0,16
1072,40.0,12
1073,52.0,21
1074,2635.0,846
1075,8.0,5
1076,40.0,17
1077,23.0,8
1078,233.0,69
1079,1230.0,419
1080,80.0,35
1081,26.0,11
1082,105.0,42
1083,724.0,281
1084,615.0,264
1085,55.0,21
1086,148.0,54
1087,208.0,87
1088,126.0,53
1089,100.0,41
1090,20.0,7
1091,74.0,23
1092,26.0,10
1093,64.0,12
1094,3168.0,1154
1095,113.0,37
1096,4431.0,1477
1097,387.0,149
1098,2371.0,1004
1099,715.0,291
1100,7861.0,2722
1101,64.0,16
1102,3932.0,1349
1103,3012.0,1037
1104,3190.0,1170
1105,4132.0,1539
1106,92.0,42
1107,62.0,24
1108,484.0,207
1109,228.0,81
1110,161.0,66
1111,114.0,50
1112,47.0,22
1113,223.0,115
1114,616.0,262
1115,125.0,50
1116,945.0,370
1117,202.0,92
1118,691.0,315
1119,228.0,125
1120,177.0,64
1121,180.0,78
1122,120.0,49
1123,120.0,46
1124,49.0,24
1125,114.0,46
1126,416.0,153
1127,155.0,65
1128,781.0,314
1129,112.0,37
1130,571.0,210
1131,86.0,36
1132,132.0,53
1133,196.0,78
1134,471.0,188
1135,743.0,253
1136,280.0,119
1137,110.0,54
1138,19.0,9
1139,4630.0,1813
1140,238.0,95
1141,233.0,91
1142,297.0,113
1143,845.0,282
1144,522.0,181
1145,39.0,18
1146,108.0,57
1147,182.0,99
1148,308.0,119
1149,100.0,41
1150,1069.0,371
1151,105.0,45
1152,819.0,344
1153,102.0,45
1154,249.0,125
1155,316.0,141
1156,123.0,55
1157,257.0,101
1158,659.0,238
1159,107.0,37
1160,162.0,61
1161,160.0,70
1162,218.0,72
1163,560.0,217
1164,116.0,55
1165,707.0,237
1166,2221.0,750
1167,333.0,147
1168,158.0,70
1169,891.0,332
1170,442.0,165
1171,114.0,36
1172,63.0,27
1173,146.0,58
1174,77.0,26
1175,67.0,30
1176,28.0,15
1177,191.0,81
1178,72.0,31
1179,37.0,13
1180,49.0,19
1181,435.0,159
1182,73.0,27
1183,367.0,139
1184,16.0,7
1185,158.0,61
1186,54.0,20
1187,173.0,65
1188,33.0,11
1189,155.0,49
1190,83.0,23
1191,68.0,24
1192,50.0,21
1193,37.0,17
1194,48.0,17
1195,98.0,48
1196,51.0,24
1197,141.0,60
1198,239.0,98
1199,959.0,398
1200,1189.0,413
1201,110.0,48
1202,55.0,22
1203,7.0,4
1204,136.0,55
1205,728.0,285
1206,102.0,42
1207,42.0,17
1208,75.0,35
1209,346.0,141
1210,55.0,22
1211,180.0,70
1212,232.0,82
1213,397.0,149
1214,82.0,33
1215,118.0,59
1216,459.0,225
1217,165.0,76
1218,194.0,86
1219,285.0,121
1220,430.0,269
1221,146.0,66
1222,184.0,88
1223,227.0,80
1224,67.0,28
1225,137.0,59
1226,116.0,48
1227,54.0,27
1228,160.0,56
1229,178.0,83
1230,326.0,137
1231,69.0,28
1232,235.0,101
1233,150.0,59
1234,129.0,63
1235,40.0,24
1236,697.0,222
1237,158.0,62
1238,33.0,13
1239,146.0,58
1240,75.0,40
1241,93.0,39
1242,126.0,63
1243,70.0,37
1244,141.0,64
1245,106.0,45
1246,116.0,49
1247,49.0,21
1248,144.0,47
1249,77.0,39
1250,250.0,103
1251,269.0,127
1252,101.0,49
1253,69.0,28
1254,49.0,24
1255,114.0,45
1256,90.0,39
1257,139.0,58
1258,105.0,43
1259,74.0,35
1260,34.0,21
1261,150.0,64
1262,198.0,85
1263,61.0,30
1264,100.0,50
1265,164.0,72
1266,74.0,31
1267,639.0,229
1268,465.0,195
1269,254.0,126
1270,62.0,26
1271,228.0,84
1272,279.0,107
1273,360.0,153
1274,59.0,28
1275,39.0,21
1276,473.0,207
1277,82.0,40
1278,52.0,22
1279,337.0,119
1280,47.0,22
1281,1089.0,386
1282,115.0,51
1283,376.0,139
1284,100.0,40
1285,150.0,65
1286,45.0,23
1287,95.0,40
1288,47.0,23
1289,47.0,19
1290,90.0,45
1291,64.0,35
1292,168.0,93
1293,550.0,210
1294,1962.667684,7
1295,1962.667684,6
1296,1962.667684,13
1297,1962.667684,9
1298,1962.667684,3
1299,1962.667684,17
1300,1962.667684,5
1301,1962.667684,19
1302,1962.667684,79
1303,1962.667684,5
1304,1962.667684,4
1305,1962.667684,31
1306,1962.667684,42
1307,1962.667684,11
1308,1962.667684,796
1309,1962.667684,9
1310,1962.667684,16
1311,1962.667684,6
1312,1962.667684,4
1313,1962.667684,126
1314,1962.667684,9
1315,1962.667684,31
1316,1962.667684,6
1317,1962.667684,65
1318,1962.667684,70
1319,1962.667684,30
1320,1962.667684,25
1321,1962.667684,11
1322,1962.667684,56
1323,1962.667684,16
1324,1962.667684,99
1325,1962.667684,20
1326,1962.667684,7
1327,1962.667684,25
1328,1962.667684,42
1329,1962.667684,7
1330,1962.667684,10
1331,1962.667684,39
1332,1962.667684,12
1333,1962.667684,13
1334,1962.667684,18
1335,1962.667684,16
1336,1962.667684,36
1337,1962.667684,25
1338,1962.667684,9
1339,1962.667684,152
1340,1962.667684,15
1341,1962.667684,24
1342,1962.667684,70
1343,1962.667684,13
1344,1962.667684,8
1345,1962.667684,20
1346,1962.667684,118
1347,1962.667684,11
1348,1962.667684,864
1349,1962.667684,29
1350,1962.667684,374
1351,1962.667684,7
1352,1962.667684,14
1353,1962.667684,13
1354,1962.667684,9
1355,1962.667684,4
1356,1962.667684,10
1357,1962.667684,53
1358,1962.667684,15
1359,1962.667684,9
1360,1962.667684,14
1361,1962.667684,4
1362,1962.667684,18
1363,1962.667684,6
1364,1962.667684,23
1365,1962.667684,16
1366,1962.667684,326
1367,106.0,46
1368,101.0,47
1369,119.0,47
1370,51.0,22
1371,258.0,102
1372,79.0,33
1373,177.0,80
1374,526.0,183
1375,120.0,45
1376,332.0,130
1377,176.0,68
1378,61.0,23
1379,87.0,38
1380,126.0,51
1381,407.0,126
1382,72.0,32
1383,92.0,40
1384,211.0,84
1385,507.0,194
1386,37.0,16
1387,60.0,26
1388,176.0,76
1389,103.0,52
1390,296.0,115
1391,219.0,89
1392,131.0,59
1393,58.0,29
1394,108.0,47
1395,832.0,322
1396,29.0,11
1397,59.0,21
1398,81.0,23
1399,24.0,10
1400,22.0,5
1401,15.0,6
1402,66.0,15
1403,123.0,38
1404,26.0,9
1405,157.0,74
1406,883.0,329
1407,54.0,24
1408,5047.0,1524
1409,5129.0,1741
1410,1190.0,389
1411,1021.0,339
1412,5021.0,1788
1413,1573.0,534
1414,754.0,239
1415,569.0,229
1416,125.0,53
1417,176.0,74
1418,940.0,347
1419,2780.0,1022
1420,1447.0,525
1421,2881.0,1084
1422,1031.0,426
1423,131.0,56
1424,1003.0,395
1425,147.0,72
1426,3721.0,1571
1427,8954.0,3397
1428,58.0,19
1429,68.0,32
1430,1366.0,561
1431,1269.0,557
1432,935.0,357
1433,1869.0,756
1434,376.0,170
1435,176.0,73
1436,103.0,48
1437,4383.0,1638
1438,1537.0,662
1439,98.0,39
1440,698.0,300
1441,66.0,34
1442,224.0,101
1443,85.0,48
1444,68.0,28
1445,89.0,39
1446,56.0,32
1447,119.0,47
1448,138.0,60
1449,1300.0,567
1450,115.0,47
1451,769.0,335
1452,6000.0,2154
1453,67.0,50
1454,1056.0,472
1455,74.0,35
1456,34.0,19
1457,2251.0,879
1458,3895.0,1519
1459,950.0,369
1460,561.0,227
1461,296.0,139
1462,32.0,17
1463,70.0,41
1464,2013.0,823
1465,2696.0,1089
1466,1068.0,446
1467,11495.0,4052
1468,420.0,181
1469,466.0,171
1470,879.0,380
1471,314.0,146
1472,216.0,101
1473,4568.0,1645
1474,1081.0,413
1475,8287.0,3265
1476,3154.0,1281
1477,5978.0,2528
1478,3846.0,1386
1479,505.0,226
1480,1072.0,381
1481,1630.0,692
1482,3400.0,1382
1483,708.0,314
1484,3000.0,1247
1485,1940.0,729
1486,1067.0,358
1487,240.0,120
1488,120.0,57
1489,214.0,61
1490,3119.0,1430
1491,143.0,63
1492,570.0,189
1493,266.0,120
1494,222.0,106
1495,91.0,47
1496,17.0,10
1497,1083.0,392
1498,29.0,16
1499,473.0,201
1500,30.0,16
1501,91.0,41
1502,420.0,182
1503,124.0,61
1504,241.0,112
1505,31.0,14
1506,24.0,12
1507,322.0,138
1508,173.0,81
1509,244.0,114
1510,30.0,13
1511,35.0,14
1512,15.0,8
1513,22.0,8
1514,74.0,34
1515,92.0,43
1516,124.0,58
1517,42.0,21
1518,57.0,30
1519,269.0,124
1520,81.0,31
1521,62.0,29
1522,54.0,28
1523,219.0,132
1524,162.0,82
1525,204.0,76
1526,55.0,25
1527,196.0,66
1528,183.0,83
1529,145.0,69
1530,51.0,20
1531,99.0,43
1532,221.0,102
1533,84.0,38
1534,400.0,179
1535,69.0,27
1536,55.0,28
1537,71.0,37
1538,3322.0,1373
1539,238.0,107
1540,242.0,108
1541,166.0,96
1542,92.0,47
1543,295.0,119
1544,248.0,118
1545,203.0,86
1546,361.0,152
1547,59.0,39
1548,18.0,8
1549,432.0,170
1550,152.0,68
1551,187.0,109
1552,257.0,114
1553,73.0,28
1554,41.0,18
1555,2938.0,1155
1556,336.0,137
1557,312.0,131
1558,65.0,29
1559,48.0,14
1560,86.0,35
1561,110.0,46
1562,361.0,140
1563,1976.0,720
1564,231.0,93
1565,265.0,108
1566,450.0,209
1567,137.0,46
1568,170.0,88
1569,929.0,305
1570,684.0,334
1571,16.0,5
1572,47.0,17
1573,39.0,18
1574,104.0,41
1575,1208.0,509
1576,91.0,42
1577,640.0,281
1578,383.0,159
1579,48.0,17
1580,1780.0,748
1581,342.0,152
1582,675.0,273
1583,157.0,61
1584,1588.0,586
1585,61.0,23
1586,3314.0,1262
1587,416.0,153
1588,16.0,5
1589,170.0,67
1590,348.0,148
1591,146.0,59
1592,66.0,26
1593,301.0,106
1594,32.0,17
1595,106.0,47
1596,169.0,75
1597,569.0,241
1598,275.0,127
1599,625.0,263
1600,271.0,105
1601,269.0,110
1602,406.0,185
1603,264.0,112
1604,1721.0,706
1605,180.0,67
1606,215.0,90
1607,814.0,360
1608,1007.0,370
1609,231.0,108
1610,624.0,259
1611,214.0,96
1612,276.0,113
1613,7637.0,3091
1614,293.0,128
1615,211.0,91
1616,747.0,234
1617,495.0,208
1618,720.0,272
1619,152.0,68
1620,183.0,94
1621,174.0,78
1622,513.0,173
1623,789.0,295
1624,237.0,111
1625,4146.0,1677
1626,375.0,158
1627,150.0,65
1628,97.0,47
1629,134.0,60
1630,223.0,107
1631,167.0,75
1632,126.0,59
1633,311.0,140
1634,173.0,83
1635,439.0,197
1636,363.0,131
1637,1415.0,558
1638,335.0,155
1639,888.0,349
1640,252.0,114
1641,1653.0,664
1642,1813.0,976
1643,211.0,91
1644,1511.0,661
1645,395.0,160
1646,894.0,325
1647,130.0,62
1648,219.0,95
1649,562.0,230
1650,88.0,41
1651,2919.0,1252
1652,89.0,39
1653,183.0,75
1654,480.0,225
1655,74.0,27
1656,276.0,114
1657,107.0,52
1658,179.0,79
1659,282.0,121
1660,156.0,75
1661,796.0,323
1662,244.0,101
1663,168.0,64
1664,703.0,305
1665,401.0,181
1666,316.0,149
1667,476.0,198
1668,297.0,123
1669,217.0,92
1670,2131.0,880
1671,2841.0,1203
1672,1343.0,549
1673,527.0,210
1674,221.0,77
1675,156.0,67
1676,72.0,29
1677,938.0,334
1678,387.0,159
1679,554.0,233
1680,193.0,91
1681,533.0,232
1682,129.0,57
1683,100.0,52
1684,36.0,14
1685,76.0,26
1686,24.0,12
1687,98.0,43
1688,62.0,24
1689,221.0,101
1690,145.0,73
1691,53.0,20
1692,149.0,66
1693,2147.0,713
1694,11.0,4
1695,512.0,193
1696,590.0,219
1697,7913.0,3100
1698,442.0,177
1699,1133.0,466
1700,330.0,110
1701,2265.0,816
1702,819.0,328
1703,406.0,163
1704,3803.0,1328
1705,1149.0,405
1706,979.0,366
1707,43.0,14
1708,439.0,177
1709,626.0,208
1710,2688.0,894
1711,248.0,92
1712,516.0,212
1713,232.0,98
1714,424.0,151
1715,551.0,224
1716,1332.0,473
1717,1417.0,534
1718,3395.0,1270
1719,235.0,93
1720,1566.0,620
1721,932.0,394
1722,49.0,22
1723,877.0,323
1724,88.0,34
1725,240.0,95
1726,248.0,105
1727,457.0,172
1728,304.0,120
1729,124.0,54
1730,1370.0,549
1731,2737.0,1032
1732,620.0,255
1733,814.0,321
1734,2001.0,741
1735,2153.0,836
1736,766.0,280
1737,260.0,101
1738,792.0,320
1739,304.0,113
1740,866.0,334
1741,4749.0,1672
1742,124.0,41
1743,1931.0,677
1744,620.0,248
1745,259.0,103
1746,8236.0,3303
1747,346.0,120
1748,114.0,52
1749,992.0,409
1750,224.0,78
1751,494.0,189
1752,59.0,21
1753,258.0,100
1754,275.0,104
1755,227.0,81
1756,369.0,160
1757,295.0,113
1758,1356.0,561
1759,321.0,139
1760,2461.0,982
1761,189.0,71
1762,2467.0,883
1763,306.0,104
1764,1034.0,410
1765,518.0,193
1766,3257.0,1254
1767,765.0,265
1768,143.0,61
1769,753.0,330
1770,49.0,23
1771,1069.0,409
1772,91.0,39
1773,101.0,55
1774,1000.0,352
1775,786.0,287
1776,93.0,30
1777,1760.0,668
1778,312.0,120
1779,197.0,86
1780,228.0,109
1781,217.0,90
1782,225.0,105
1783,369.0,168
1784,150.0,73
1785,618.0,210
1786,123.0,48
1787,138.0,62
1788,677.0,297
1789,431.0,173
1790,2249.0,860
1791,92.0,45
1792,250.0,101
1793,161.0,63
1794,107.0,47
1795,76.0,42
1796,1348.0,490
1797,71.0,29
1798,25.0,11
1799,164.0,80
1800,33.0,14
1801,145.0,55
1802,270.0,105
1803,34.0,15
1804,61.0,25
1805,15.0,7
1806,25.0,9
1807,53.0,26
1808,16.0,8
1809,117.0,54
1810,561.0,221
1811,86.0,42
1812,15.0,7
1813,203.0,84
1814,239.0,91
1815,9.0,5
1816,16.0,6
1817,15.0,7
1818,26.0,14
1819,29.0,9
1820,64.0,25
1821,73.0,33
1822,29.0,15
1823,118.0,49
1824,10.0,5
1825,37.0,18
1826,22.0,12
1827,45.0,23
1828,112.0,54
1829,538.0,230
1830,8.0,4
1831,605.0,236
1832,2708.0,1015
1833,149.0,57
1834,83.0,34
1835,182.0,81
1836,144.0,64
1837,25.0,10
1838,30.0,15
1839,1931.0,592
1840,59.0,24
1841,103.0,46
1842,55.0,25
1843,47.0,23
1844,1336.0,569
1845,16.0,10
1846,181.0,79
1847,45.0,15
1848,86.0,43
1849,139.0,50
1850,678.0,278
1851,579.0,258
1852,109.0,61
1853,566.0,219
1854,142.0,61
1855,21.0,12
1856,56.0,28
1857,27.0,8
1858,24.0,9
1859,278.0,117
1860,14477.0,5108
1861,314.0,129
1862,18.0,8
1863,34.0,16
1864,515.0,188
1865,16.0,8
1866,499.0,215
1867,2092.0,763
1868,205.0,91
1869,94.0,37
1870,340.0,140
1871,173.0,80
1872,124.0,61
1873,169.0,69
1874,8.0,4
1875,465.0,195
1876,110.0,42
1877,9.0,3
1878,43.0,17
1879,72.0,35
1880,202.0,86
1881,12.0,7
1882,1195.0,510
1883,22.0,12
1884,153.0,72
1885,675.0,276
1886,95.0,41
1887,71.0,31
1888,171.0,63
1889,336.0,152
1890,28.0,15
1891,18.0,11
1892,130.0,48
1893,19.0,10
1894,292.0,120
1895,61.0,32
1896,100.0,55
1897,21.0,9
1898,121.0,47
1899,74.0,31
1900,101.0,54
1901,309.0,152
1902,127.0,60
1903,12.0,4
1904,52.0,24
1905,149.0,68
1906,1107.0,425
1907,21.0,11
1908,51.0,24
1909,1034.0,447
1910,60.0,26
1911,71.0,35
1912,16.0,7
1913,22.0,13
1914,181.0,72
1915,168.0,71
1916,178.0,82
1917,11.0,7
1918,520.0,197
1919,142.0,72
1920,30.0,12
1921,43.0,21
1922,119.0,59
1923,1929.0,709
1924,75.0,32
1925,75.0,35
1926,273.0,116
1927,242.0,113
1928,62.0,35
1929,81.0,36
1930,1403.0,577
1931,40.0,18
1932,10.0,4
1933,453.0,188
1934,164.0,66
1935,119.0,55
1936,575.0,218
1937,38.0,14
1938,51.0,19
1939,341.0,139
1940,528.0,212
1941,21.0,7
1942,71.0,29
1943,539.0,202
1944,11.0,4
1945,20.0,10
1946,83.0,41
1947,47.0,20
1948,54.0,23
1949,91.0,37
1950,62.0,27
1951,242.0,108
1952,81.0,38
1953,53.0,28
1954,161.0,77
1955,306.0,139
1956,28.0,14
1957,15.0,7
1958,87.0,39
1959,18.0,9
1960,122.0,60
1961,9.0,6
1962,1007.0,382
1963,43.0,18
1964,185.0,70
1965,60.0,28
1966,9.0,5
1967,17.0,7
1968,37.0,15
1969,6894.0,2471
1970,573.0,252
1971,60.0,26
1972,13.0,6
1973,120.0,49
1974,532.0,199
1975,113.0,46
1976,115.0,56
1977,207.0,92
1978,12.0,6
1979,102.0,48
1980,176.0,70
1981,302.0,133
1982,424.0,161
1983,302.0,101
1984,145.0,64
1985,105.0,43
1986,42.0,19
1987,1333.0,552
1988,66.0,33
1989,60.0,25
1990,152.0,74
1991,68.0,35
1992,27.0,13
1993,50.0,20
1994,214.0,109
1995,74.0,30
1996,3240.0,1365
1997,576.0,239
1998,1024.0,438
1999,227.0,87
2000,25.0,14
2001,185.0,80
2002,187.0,76
2003,194.0,88
2004,58.0,28
2005,240.0,98
2006,86.0,37
2007,93.0,44
2008,81.0,49
2009,94.0,34
2010,78.0,38
2011,35.0,24
2012,181.0,70
2013,22.0,11
2014,129.0,65
2015,81.0,47
2016,70.0,31
2017,51.0,18
2018,84.0,32
2019,135.0,67
2020,105.0,57
2021,205.0,134
2022,98.0,43
2023,55.0,27
2024,71.0,27
2025,60.0,31
2026,81.0,52
2027,100.0,42
2028,227.0,109
2029,206.0,82
2030,113.0,44
2031,397.0,138
2032,155.0,71
2033,182.0,65
2034,34.0,16
2035,48.0,28
2036,134.0,57
2037,132.0,57
2038,38.0,18
2039,87.0,46
2040,1691.0,583
2041,57.0,30
2042,85.0,44
2043,383.0,165
2044,5880.0,2089
2045,126.0,62
2046,22.0,13
2047,21.0,14
2048,230.0,99
2049,42.0,24
2050,43.0,14
2051,175.0,85
2052,205.0,92
2053,37.0,18
2054,294.0,121
2055,134.0,58
2056,110.0,54
2057,172.0,68
2058,121.0,59
2059,106.0,49
2060,181.0,65
2061,13.0,7
2062,118.0,52
2063,1526.0,667
2064,50.0,15
2065,50.0,15
2066,36.0,12
2067,27.0,13
2068,62.0,20
2069,446.0,169
2070,33.0,11
2071,13.0,6
2072,61.0,22
2073,57.0,29
2074,20.0,6
2075,570.0,171
2076,337.0,109
2077,59.0,24
2078,7.0,3
2079,19.0,7
2080,84.0,31
2081,65.0,25
2082,16.0,6
2083,690.0,257
2084,378.0,143
2085,570.0,170
2086,10502.0,3405
2087,980.0,352
2088,2648.0,832
2089,1715.0,501
2090,632.0,235
2091,1299.0,446
2092,890.0,343
2093,193.0,73
2094,125.0,47
2095,216.0,73
2096,581.0,230
2097,8895.0,2817
2098,451.0,170
2099,324.0,106
2100,449.0,154
2101,1080.0,398
2102,455.0,166
2103,418.0,159
2104,564.0,198
2105,5438.0,1716
2106,281.0,87
2107,159.0,60
2108,827.0,327
2109,207.0,79
2110,76.0,28
2111,137.0,59
2112,186.0,71
2113,102.0,38
2114,345.0,130
2115,121.0,51
2116,168.0,73
2117,702.0,291
2118,1434.0,516
2119,560.0,222
2120,880.0,302
2121,464.0,202
2122,46.0,16
2123,483.0,190
2124,152.0,60
2125,796.0,319
2126,384.0,149
2127,197.0,82
2128,95.0,44
2129,83.0,31
2130,574.0,232
2131,298.0,139
2132,554.0,228
2133,1248.0,501
2134,107.0,51
2135,192.0,69
2136,943.0,346
2137,262.0,94
2138,276.0,111
2139,304.0,132
2140,1882.0,700
2141,317.0,123
2142,1121.0,451
2143,56.0,26
2144,51.0,20
2145,344.0,124
2146,105.0,43
2147,2573.0,853
2148,332.0,145
2149,501.0,190
2150,400.0,147
2151,777.0,275
2152,136.0,58
2153,156.0,64
2154,67.0,32
2155,55.0,27
2156,53.0,19
2157,597.0,234
2158,76.0,32
2159,32.0,16
2160,98.0,47
2161,1395.0,490
2162,89.0,33
2163,257.0,114
2164,297.0,127
2165,47.0,24
2166,44.0,20
2167,105.0,42
2168,123.0,48
2169,232.0,97
2170,171.0,73
2171,65.0,31
2172,257.0,104
2173,41.0,22
2174,526.0,205
2175,182.0,98
2176,113.0,45
2177,115.0,54
2178,259.0,110
2179,104.0,43
2180,30.0,14
2181,286.0,117
2182,102.0,49
2183,108.0,51
2184,124.0,56
2185,174.0,71
2186,427.0,183
2187,185.0,86
2188,954.0,327
2189,350.0,140
2190,200.0,84
2191,645.0,231
2192,292.0,124
2193,440.0,187
2194,204.0,89
2195,239.0,111
2196,178.0,78
2197,123.0,53
2198,174.0,67
2199,146.0,61
2200,627.0,242
2201,225.0,88
2202,383.0,162
2203,142.0,59
2204,2624.0,1086
2205,622.0,256
2206,275.0,119
2207,746.0,320
2208,3882.0,1714
2209,245.0,96
2210,67.0,26
2211,182.0,79
2212,507.0,205
2213,192.0,82
2214,381.0,151
2215,76.0,36
2216,212.0,95
2217,42.0,16
2218,117.0,50
2219,131.0,56
2220,92.0,37
2221,108.0,51
2222,71.0,30
2223,851.0,319
2224,142.0,53
2225,79.0,33
2226,188.0,85
2227,167.0,69
2228,151.0,70
2229,102.0,48
2230,1337.0,550
2231,129.0,59
2232,250.0,96
2233,114.0,47
2234,142.0,64
2235,168.0,72
2236,114.0,54
2237,58.0,29
2238,641.0,243
2239,90.0,35
2240,43.0,17
2241,895.0,395
2242,107.0,45
2243,569.0,242
2244,196.0,85
2245,49.0,20
2246,307.0,113
2247,163.0,67
2248,414.0,184
2249,139.0,56
2250,149.0,69
2251,180.0,72
2252,51.0,22
2253,32.0,11
2254,86.0,30
2255,92.0,36
2256,47.0,19
2257,141.0,54
2258,705.0,261
2259,143.0,60
2260,133.0,44
2261,121.0,49
2262,102.0,39
2263,95.0,37
2264,80.0,33
2265,124.0,56
2266,97.0,49
2267,119.0,38
2268,299.0,101
2269,83.0,29
2270,81.0,31
2271,55.0,25
2272,108.0,44
2273,116.0,46
2274,305.0,127
2275,98.0,34
2276,267.0,80
2277,47.0,19
2278,51.0,24
2279,102.0,38
2280,272.0,98
2281,139.0,46
2282,41.0,19
2283,12.0,6
2284,121.0,54
2285,40.0,17
2286,61.0,31
2287,61.0,25
2288,248.0,110
2289,207.0,78
2290,141.0,61
2291,106.0,41
2292,31.0,15
2293,344.0,134
2294,51.0,21
2295,59.0,23
2296,178.0,63
2297,161.0,64
2298,345.0,177
2299,415.0,169
2300,175.0,78
2301,31.0,16
2302,112.0,46
2303,157.0,65
2304,10.0,6
2305,27.0,14
2306,169.0,54
2307,409.0,178
2308,49.0,21
2309,69.0,32
2310,57.0,21
2311,113.0,40
2312,911.0,343
2313,4646.0,1562
2314,326.0,130
2315,734.0,247
2316,1757.0,561
2317,27.0,7
2318,297.0,118
2319,30.0,12
2320,61.0,28
2321,183.0,68
2322,89.0,21
2323,48.0,14
2324,256.0,100
2325,409.0,134
2326,57.0,24
2327,13.0,4
2328,792.0,271
2329,35.0,15
2330,81.0,32
2331,61.0,24
2332,29.0,11
2333,116.0,40
2334,45.0,18
2335,53.0,20
2336,122.0,47
2337,81.0,28
2338,97.0,41
2339,88.0,30
2340,92.0,31
2341,777.0,291
2342,134.0,50
2343,55.0,20
2344,33.0,12
2345,22.0,7
2346,74.0,22
2347,92.0,39
2348,245.0,102
2349,19.0,8
2350,56.0,19
2351,120.0,45
2352,30.0,9
2353,95.0,44
2354,25.0,8
2355,399.0,144
2356,54.0,18
2357,72.0,28
2358,403.0,158
2359,44.0,20
2360,104.0,39
2361,245.0,87
2362,37.0,12
2363,229.0,87
2364,35.0,12
2365,115.0,50
2366,74.0,33
2367,781.0,267
2368,245.0,95
2369,100.0,45
2370,97.0,37
2371,210.0,78
2372,267.0,108
2373,24965.0,9445
2374,139.0,52
2375,69.0,30
2376,437.0,155
2377,109.0,43
2378,114.0,44
2379,4427.0,1457
2380,118.0,48
2381,48.0,19
2382,748.0,187
2383,140.0,58
2384,3906.0,1311
2385,156.0,51
2386,18.0,9
2387,432.0,168
2388,266.0,105
2389,124.0,58
2390,115.0,43
2391,2732.0,808
2392,244.0,94
2393,844.0,270
2394,43.0,20
2395,162.0,69
2396,160.0,51
2397,146.0,61
2398,62.0,24
2399,825.0,280
2400,576.0,225
2401,50.0,23
2402,303.0,124
2403,73.0,25
2404,68.0,29
2405,93.0,44
2406,41.0,22
2407,46.0,20
2408,150.0,50
2409,103.0,42
2410,43.0,20
2411,253.0,98
2412,132.0,44
2413,185.0,65
2414,42.0,21
2415,41.0,20
2416,457.0,167
2417,169.0,50
2418,116.0,53
2419,69.0,28
2420,74.0,34
2421,168.0,71
2422,39.0,17
2423,125.0,49
2424,36.0,17
2425,131.0,46
2426,145.0,45
2427,43.0,15
2428,106.0,39
2429,176.0,77
2430,947.0,362
2431,431.0,161
2432,157.0,45
2433,81.0,27
2434,542.0,173
2435,135.0,60
2436,196.0,68
2437,100.0,48
2438,90.0,41
2439,51.0,20
2440,129.0,55
2441,20.0,10
2442,114.0,44
2443,38.0,13
2444,903.0,392
2445,373.0,131
2446,19.0,8
2447,82.0,39
2448,56.0,23
2449,361.0,139
2450,158.0,70
2451,35.0,15
2452,158.0,63
2453,1962.667684,19
2454,1962.667684,100
2455,1962.667684,65
2456,1962.667684,83
2457,1962.667684,111
2458,1962.667684,76
2459,1962.667684,33
2460,1962.667684,82
2461,1962.667684,98
2462,1962.667684,23
2463,1962.667684,11
2464,1962.667684,32
2465,1962.667684,160
2466,1962.667684,571
2467,1962.667684,32
2468,1962.667684,91
2469,1962.667684,40
2470,1962.667684,50
2471,1962.667684,84
2472,1962.667684,106
2473,1962.667684,17
2474,1962.667684,1854
2475,1962.667684,40
2476,1962.667684,51
2477,1962.667684,72
2478,1962.667684,123
2479,1962.667684,22
2480,1962.667684,35
2481,1962.667684,85
2482,1962.667684,14
2483,1962.667684,37
2484,1962.667684,20
2485,1962.667684,32
2486,1962.667684,11
2487,1962.667684,56
2488,1962.667684,17
2489,1962.667684,49
2490,1962.667684,81
2491,1962.667684,15
2492,1962.667684,22
2493,1962.667684,58
2494,1962.667684,48
2495,1962.667684,63
2496,1962.667684,74
2497,1962.667684,88
2498,1962.667684,25
2499,1962.667684,47
2500,1962.667684,40
2501,1962.667684,19
2502,1962.667684,224
2503,1962.667684,148
2504,1962.667684,31
2505,1962.667684,63
2506,1962.667684,26
2507,1962.667684,78
2508,1962.667684,28
2509,1962.667684,903
2510,1962.667684,9
2511,1962.667684,46
2512,1962.667684,42
2513,1962.667684,114
2514,1962.667684,23
2515,1962.667684,30
2516,1962.667684,493
2517,1962.667684,148
2518,1962.667684,119
2519,1962.667684,37
2520,1962.667684,239
2521,1962.667684,65
2522,1962.667684,20
2523,1962.667684,27
2524,1962.667684,49
2525,1962.667684,10
2526,1962.667684,48
2527,1962.667684,41
2528,1962.667684,40
2529,1962.667684,347
2530,1962.667684,28
2531,1962.667684,12
2532,1962.667684,98
2533,1962.667684,174
2534,1962.667684,25
2535,194.0,89
2536,201.0,87
2537,78.0,33
2538,104.0,52
2539,38.0,22
2540,173.0,87
2541,98.0,43
2542,57.0,28
2543,106.0,40
2544,38.0,18
2545,43.0,18
2546,100.0,41
2547,104.0,47
2548,120.0,70
2549,169.0,65
2550,107.0,48
2551,646.0,281
2552,378.0,152
2553,88.0,40
2554,4320.0,1623
2555,244.0,91
2556,139.0,69
2557,788.0,311
2558,87.0,41
2559,209.0,85
2560,86.0,35
2561,345.0,138
2562,98.0,49
2563,48.0,25
2564,76.0,36
2565,156.0,67
2566,81.0,39
2567,152.0,59
2568,78.0,30
2569,175.0,68
2570,63.0,27
2571,409.0,150
2572,107.0,51
2573,65.0,28
2574,423.0,164
2575,81.0,31
2576,110.0,44
2577,221.0,85
2578,71.0,36
2579,121.0,53
2580,147.0,60
2581,43.0,19
2582,143.0,57
2583,63.0,28
2584,74.0,33
2585,152.0,61
2586,77.0,36
2587,190.0,85
2588,252.0,85
2589,49.0,23
2590,153.0,65
2591,301.0,85
2592,67.0,21
2593,31.0,16
2594,81.0,31
2595,192.0,93
2596,400.0,182
2597,91.0,40
2598,418.0,178
2599,17.0,9
2600,110.0,47
2601,125.0,54
2602,110.0,52
2603,215.0,72
2604,219.0,69
2605,114.0,46
2606,92.0,30
2607,157.0,64
2608,63.0,25
2609,94.0,44
2610,53.0,22
2611,77.0,33
2612,522.0,208
2613,66.0,27
2614,128.0,55
2615,83.0,36
2616,217.0,96
2617,50.0,23
2618,142.0,53
2619,323.0,151
2620,123.0,54
2621,455.0,151
2622,120.0,51
2623,242.0,111
2624,178.0,75
2625,18.0,7
2626,886.0,291
2627,33.0,13
2628,2864.0,853
2629,175.0,78
2630,220.0,89
2631,494.0,181
2632,89.0,35
2633,555.0,199
2634,71.0,28
2635,113.0,47
2636,83.0,47
2637,124.0,45
2638,130.0,64
2639,2841.0,914
2640,110.0,47
2641,57.0,21
2642,486.0,187
2643,519.0,185
2644,65.0,28
2645,19.0,5
2646,230.0,87
2647,116.0,47
2648,111.0,52
2649,54.0,24
2650,163.0,71
2651,554.0,168
2652,296.0,124
2653,100.0,43
2654,108.0,64
2655,81.0,36
2656,32.0,15
2657,48.0,24
2658,21.0,6
2659,212.0,86
2660,85.0,26
2661,281.0,114
2662,94.0,43
2663,529.0,238
2664,94.0,40
2665,796.0,333
2666,58.0,25
2667,80.0,41
2668,95.0,32
2669,135.0,54
2670,236.0,101
2671,114.0,50
2672,130.0,60
2673,33.0,12
2674,198.0,78
2675,191.0,73
2676,48.0,23
2677,505.0,199
2678,284.0,116
2679,44.0,22
2680,1258.0,473
2681,24.0,9
2682,144.0,62
2683,396.0,141
2684,291.0,120
2685,482.0,219
2686,411.0,143
2687,67.0,28
2688,109.0,53
2689,1549.0,578
2690,122.0,52
2691,191.0,81
2692,473.0,213
2693,2134.0,925
2694,126.0,54
2695,62.0,22
2696,1023.0,442
2697,653.0,258
2698,70.0,30
2699,110.0,48
2700,153.0,62
2701,139.0,56
2702,280.0,121
2703,408.0,168
2704,875.0,288
2705,70.0,35
2706,452.0,191
2707,248.0,111
2708,875.0,327
2709,429.0,199
2710,95.0,44
2711,70.0,32
2712,148.0,67
2713,8.0,3
2714,1085.0,352
2715,37.0,20
2716,654.0,267
2717,16.0,7
2718,307.0,105
2719,13.0,4
2720,119.0,41
2721,266.0,96
2722,63.0,25
2723,43.0,15
2724,357.0,127
2725,34.0,17
2726,26.0,12
2727,228.0,95
2728,20.0,9
2729,28.0,13
2730,27.0,11
2731,36.0,13
2732,27.0,11
2733,186.0,95
2734,583.0,267
2735,399.0,130
2736,290.0,147
2737,137.0,60
2738,158.0,69
2739,32.0,14
2740,129.0,54
2741,15470.0,5780
2742,1424.0,672
2743,370.0,167
2744,4415.0,1916
2745,1342.0,558
2746,149.0,68
2747,1373.0,595
2748,752.0,291
2749,383.0,155
2750,101.0,49
2751,1691.0,648
2752,105.0,47
2753,349.0,162
2754,396.0,160
2755,386.0,164
2756,113.0,55
2757,1195.0,468
2758,77.0,27
2759,177.0,77
2760,161.0,73
2761,198.0,89
2762,493.0,182
2763,506.0,215
2764,609.0,216
2765,1591.0,629
2766,94.0,40
2767,1456.0,579
2768,543.0,213
2769,176.0,79
2770,183.0,95
2771,1030.0,421
2772,18.0,7
2773,98.0,40
2774,13.0,6
2775,38.0,16
2776,110.0,45
2777,181.0,74
2778,31.0,13
2779,58.0,26
2780,54.0,24
2781,24.0,10
2782,46.0,21
2783,133.0,56
2784,14.0,7
2785,48.0,22
2786,116.0,41
2787,42.0,17
2788,25.0,8
2789,25.0,10
2790,23.0,9
2791,29.0,11
2792,61.0,25
2793,17.0,6
2794,45.0,16
2795,37.0,13
2796,16.0,6
2797,29.0,12
2798,19.0,8
2799,18.0,5
2800,101.0,33
2801,49.0,18
2802,10.0,5
2803,14.0,6
2804,45.0,15
2805,65.0,26
2806,118.0,55
2807,155.0,46
2808,20.0,6
2809,33.0,17
2810,13.0,5
2811,27.0,14
2812,109.0,40
2813,11.0,5
2814,15.0,8
2815,840.0,312
2816,32.0,14
2817,494.0,187
2818,20.0,11
2819,18.0,8
2820,47.0,25
2821,17.0,5
2822,38.0,17
2823,21.0,6
2824,8.0,4
2825,25.0,13
2826,34.0,15
2827,51.0,20
2828,86.0,29
2829,35.0,15
2830,114.0,41
2831,498.0,206
2832,224.0,89
2833,127.0,58
2834,74.0,28
2835,769.0,276
2836,524.0,211
2837,263.0,118
2838,83.0,37
2839,181.0,81
2840,309.0,152
2841,214.0,90
2842,78.0,36
2843,211.0,89
2844,50.0,26
2845,222.0,106
2846,301.0,128
2847,77.0,34
2848,455.0,183
2849,208.0,77
2850,130.0,48
2851,91.0,40
2852,272.0,119
2853,250.0,100
2854,41.0,18
2855,87.0,37
2856,258.0,93
2857,61.0,29
2858,128.0,50
2859,28.0,13
2860,47.0,21
2861,326.0,130
2862,202.0,81
2863,264.0,101
2864,63.0,23
2865,259.0,99
2866,124.0,52
2867,150.0,62
2868,82.0,29
2869,2075.0,706
2870,612.0,246
2871,413.0,128
2872,335.0,137
2873,3142.0,1046
2874,742.0,291
2875,96.0,38
2876,219.0,90
2877,249.0,90
2878,187.0,76
2879,160.0,65
2880,1404.0,502
2881,732.0,260
2882,771.0,291
2883,310.0,122
2884,1528.0,608
2885,271.0,117
2886,88.0,32
2887,108.0,44
2888,100.0,37
2889,80.0,32
2890,104.0,42
2891,190.0,62
2892,193.0,86
2893,221.0,89
2894,88.0,38
2895,281.0,112
2896,1072.0,420
2897,136.0,49
2898,109.0,37
2899,104.0,43
2900,27.0,12
2901,44.0,17
2902,40.0,17
2903,197.0,77
2904,113.0,42
2905,878.0,340
2906,1407.0,556
2907,167.0,67
2908,1177.0,436
2909,48.0,23
2910,32.0,13
2911,142.0,54
2912,41.0,16
2913,267.0,127
2914,847.0,331
2915,122.0,51
2916,529.0,217
2917,82.0,33
2918,102.0,41
2919,98.0,33
2920,109.0,45
2921,110.0,54
2922,367.0,156
2923,2947.0,1007
2924,414.0,179
2925,1551.0,658
2926,215.0,80
2927,162.0,63
2928,1590.0,629
2929,390.0,164
2930,44.0,19
2931,85.0,34
2932,254.0,110
2933,91.0,40
2934,103.0,43
2935,191.0,89
2936,569.0,232
2937,154.0,62
2938,167.0,76
2939,59.0,24
2940,149.0,64
2941,249.0,110
2942,130.0,57
2943,213.0,87
2944,634.0,255
2945,212.0,91
2946,891.0,350
2947,138.0,70
2948,395.0,149
2949,544.0,201
2950,61.0,25
2951,138.0,50
2952,113.0,41
2953,72.0,27
2954,51.0,20
2955,70.0,28
2956,84.0,29
2957,70.0,29
2958,94.0,36
2959,78.0,30
2960,122.0,49
2961,95.0,38
2962,122.0,49
2963,60.0,24
2964,60.0,21
2965,57.0,19
2966,99.0,38
2967,146.0,54
2968,221.0,91
2969,90.0,37
2970,511.0,163
2971,123.0,46
2972,67.0,28
2973,111.0,36
2974,241.0,92
2975,1082.0,396
2976,66.0,21
2977,56.0,27
2978,70.0,24
2979,79.0,33
2980,133.0,56
2981,191.0,76
2982,239.0,99
2983,88.0,34
2984,67.0,25
2985,71.0,27
2986,53.0,24
2987,74.0,26
2988,232.0,84
2989,97.0,41
2990,39.0,17
2991,116.0,44
2992,60.0,25
2993,146.0,53
2994,48.0,18
2995,2000.0,778
2996,530.0,204
2997,100.0,43
2998,37.0,17
2999,73.0,32
3000,913.0,346
3001,80.0,29
3002,160.0,57
3003,340.0,117
3004,119.0,46
3005,46.0,19
3006,73.0,31
3007,50.0,21
3008,231.0,86
3009,254.0,89
3010,135.0,49
3011,38.0,16
3012,234.0,86
3013,67.0,27
3014,113.0,40
3015,509.0,197
3016,49.0,16
3017,87.0,34
3018,1962.667684,36
3019,1962.667684,22
3020,1962.667684,37
3021,1962.667684,15
3022,1962.667684,67
3023,1962.667684,34
3024,1962.667684,26
3025,1962.667684,126
3026,1962.667684,8
3027,1962.667684,13
3028,1962.667684,9
3029,1962.667684,6
3030,1962.667684,24
3031,1962.667684,27
3032,1962.667684,22
3033,1962.667684,7
3034,1962.667684,85
3035,1962.667684,13
3036,1962.667684,52
3037,1962.667684,16
3038,1962.667684,138
3039,1962.667684,9
3040,1962.667684,12
3041,1962.667684,48
3042,1962.667684,15
3043,1962.667684,43
3044,1962.667684,46
3045,1962.667684,52
3046,1962.667684,48
